925;69;761;923;871;471;612;801;796;565;938;726;450;321;171;830;911;549;931;410;760;109;636;18;772;657;362;568;39;613;465;216;334;638;32;829;807;634;185;391;80;741;969;44;368;221;843;584;644;666;673;140;722;627;813;450;343;906;713;478;153;342;107;370;489;365;594;950;137;432;616;569;388;548;479;489;356;64;32;19;337;705;45;726;195;549;280;456;589;796;44;626;472;241;327;624;301;219;989;836
946;696;839;158;491;47;216;703;154;839;249;826;708;975;532;906;49;868;446;506;396;354;946;795;359;193;353;309;755;708;489;107;580;393;308;712;984;22;279;372;944;245;117;200;909;628;304;341;324;19;320;495;97;25;23;940;784;932;870;353;788;529;381;464;650;857;779;502;708;832;859;998;201;651;768;948;774;925;281;863;127;494;986;659;584;661;258;397;355;918;902;759;193;654;482;281;34;975;868;133
298;310;892;836;975;862;288;2;955;145;525;604;936;719;507;495;731;20;950;488;454;613;337;200;309;622;898;705;4;251;864;290;111;254;509;728;939;794;418;613;63;456;636;126;818;930;412;154;543;410;874;665;388;372;964;339;462;699;823;200;552;33;967;427;858;77;87;708;118;566;242;442;148;443;295;219;473;61;742;818;198;905;973;315;588;231;279;280;215;271;808;130;509;938;166;396;132;123;930;62
19;785;911;868;732;718;586;711;631;206;946;702;589;30;15;218;949;949;914;647;672;901;144;780;920;597;590;291;321;310;165;516;221;479;625;351;721;175;371;238;160;278;205;19;136;279;124;818;778;893;267;947;853;60;860;568;681;505;276;556;587;62;592;126;714;728;207;490;769;73;338;31;795;11;398;146;693;793;974;95;168;923;951;97;261;469;855;244;744;277;656;243;214;291;51;318;231;66;927;759
715;157;231;329;249;145;498;773;248;135;294;716;697;141;49;356;789;721;220;135;971;235;193;256;29;376;238;313;188;55;355;877;134;473;753;254;75;402;41;227;25;794;779;983;329;55;318;675;100;135;393;130;378;585;376;853;4;850;336;740;578;326;123;856;810;440;923;710;545;719;683;835;578;655;469;477;715;27;880;607;685;480;203;114;545;624;847;213;544;896;398;500;590;684;996;93;555;645;209;759
210;822;750;938;426;164;448;431;383;360;374;462;917;542;486;172;395;505;413;495;584;37;865;967;282;118;298;784;734;655;376;647;781;237;138;364;466;199;755;230;544;523;407;519;597;905;437;157;590;369;420;785;371;538;12;682;394;67;985;325;122;798;720;446;409;986;98;711;290;748;454;468;263;786;625;246;625;594;813;472;954;472;40;697;630;451;108;566;94;560;387;911;943;696;339;562;611;888;950;906
666;311;213;474;604;230;976;644;154;173;688;732;849;893;785;692;59;358;346;30;785;400;708;45;763;15;501;481;350;825;977;518;646;579;482;161;359;469;485;915;74;166;471;598;962;527;756;883;643;222;675;724;765;223;783;341;757;475;857;243;150;68;260;931;910;509;511;150;234;677;857;67;271;307;419;594;909;414;758;217;321;887;644;911;485;946;326;161;415;128;157;672;243;301;463;56;211;329;966;646
42;473;890;390;235;334;722;960;996;506;360;867;349;925;47;847;564;938;507;316;271;965;107;748;673;214;811;723;75;273;43;824;533;707;986;842;543;122;274;526;141;641;145;940;400;913;136;29;182;966;691;989;631;223;891;439;791;138;536;724;75;139;264;586;930;373;854;866;578;404;324;565;584;150;917;359;804;747;909;341;892;341;146;860;357;751;164;63;857;736;880;127;286;559;669;40;465;610;718;602
37;895;523;427;29;577;119;225;164;642;51;377;688;930;705;229;602;547;777;216;992;791;5;885;577;106;818;162;714;957;320;81;443;226;52;176;776;662;172;110;851;670;912;523;457;860;656;130;735;92;657;666;703;161;215;428;945;201;22;956;131;900;538;553;38;279;751;206;85;166;324;976;265;560;996;438;142;800;370;944;940;463;53;848;628;864;132;394;161;787;445;651;124;981;214;666;192;173;921;443
296;243;518;33;892;621;811;708;614;795;747;359;694;788;988;343;840;614;723;764;275;965;9;380;172;897;846;536;753;70;828;113;219;191;118;859;263;600;278;893;313;247;995;327;156;942;989;253;325;40;378;477;671;994;432;99;175;253;642;378;845;130;879;271;719;753;983;538;126;334;405;999;576;688;272;646;579;645;111;342;948;90;751;698;437;59;961;722;680;131;535;917;450;548;623;54;951;843;957;485
605;931;430;290;853;227;2;496;220;591;572;802;71;253;317;168;513;2;30;780;649;674;84;833;887;3;769;71;391;440;848;897;229;85;396;494;268;188;6;174;138;156;880;438;118;88;776;314;4;733;388;701;974;747;8;381;706;985;884;465;976;161;303;789;419;547;283;274;917;502;452;969;526;429;443;225;7;89;788;484;536;497;224;383;438;625;847;286;747;702;945;554;861;627;310;779;193;403;866;5
346;724;119;281;981;692;210;582;551;546;312;242;202;184;284;452;535;742;279;457;388;457;321;444;218;523;942;896;226;830;79;439;303;322;912;755;805;931;882;403;428;743;613;208;751;936;587;501;522;859;774;633;296;334;791;811;335;964;275;438;900;754;981;935;21;219;577;596;76;12;34;926;979;619;154;63;79;868;319;441;194;437;267;59;613;116;411;777;769;271;999;39;84;895;746;760;342;546;126;559
190;129;647;417;282;617;936;832;997;887;749;494;393;210;690;592;789;599;867;506;486;304;278;108;383;27;934;377;328;670;348;786;506;627;185;941;166;733;161;990;982;405;983;526;440;711;128;860;741;364;6;456;128;774;63;243;860;730;334;173;400;110;962;886;222;791;700;176;566;376;260;23;192;240;748;412;47;317;649;683;543;602;929;608;339;385;499;431;330;535;93;953;948;120;247;599;141;550;850;440
661;273;961;956;257;752;200;459;60;657;744;105;381;187;287;725;397;708;521;644;186;71;331;208;433;471;375;879;393;375;702;862;456;264;614;380;83;57;342;567;227;81;435;426;538;864;554;506;292;372;421;458;31;833;798;161;467;820;429;540;648;581;133;944;927;235;725;310;146;657;55;245;338;141;311;531;37;941;83;711;617;126;243;690;79;315;664;479;749;389;739;198;531;940;665;880;669;523;806;527
61;720;878;581;828;51;786;532;119;818;370;408;323;463;62;915;316;940;394;951;527;962;27;946;873;494;579;640;539;866;408;858;940;499;547;648;998;611;179;2;796;189;690;477;857;254;533;428;408;549;249;806;824;913;226;107;404;77;317;888;460;615;976;84;282;192;140;811;593;612;633;346;418;796;389;811;907;680;947;241;103;50;39;412;900;175;982;178;641;884;447;64;718;10;842;716;587;425;75;189
969;677;158;109;414;45;35;170;899;819;906;634;979;505;92;883;292;741;741;242;178;840;102;424;653;140;131;17;671;335;233;789;244;521;868;979;583;597;287;947;977;586;783;804;61;592;433;851;243;54;331;933;60;1;732;443;68;566;430;944;695;818;25;943;131;306;746;422;930;309;924;248;382;900;473;621;673;545;353;270;898;145;171;941;207;456;792;937;172;470;281;348;364;760;399;595;519;250;541;384
64;705;657;34;86;185;252;317;30;871;22;544;988;894;375;809;708;929;470;201;332;721;468;966;663;866;85;356;39;211;872;414;712;922;846;155;528;993;637;288;605;121;496;729;351;779;646;492;505;361;982;32;74;805;348;364;459;640;83;172;167;250;953;242;784;297;989;674;682;115;831;791;546;216;259;277;827;415;873;964;437;915;428;108;466;435;713;259;302;208;274;76;978;718;433;5;938;425;75;808
672;813;591;89;950;860;244;346;503;983;525;114;527;474;537;731;773;788;950;349;802;653;625;44;723;893;607;555;855;526;59;158;407;581;344;233;964;570;559;621;717;104;920;820;315;380;580;755;806;515;571;664;286;392;148;681;574;619;308;265;849;181;174;700;612;339;834;543;185;522;931;690;214;575;564;638;662;518;846;212;61;373;394;335;713;81;64;975;842;411;478;357;702;535;395;115;66;168;817;430
735;45;373;573;836;600;766;542;452;248;110;378;540;886;243;746;923;889;694;919;425;632;919;379;16;314;301;310;230;80;123;962;810;126;666;709;710;352;178;524;95;780;181;293;126;985;387;290;558;539;277;222;801;792;43;929;214;435;381;999;491;193;984;1;66;982;304;971;772;44;251;918;505;733;322;274;634;311;827;362;191;890;40;665;60;226;202;212;943;615;919;186;710;311;723;604;529;638;604;725
850;676;905;76;411;40;815;182;794;644;389;530;620;921;916;796;882;967;58;234;338;964;543;929;986;771;426;904;938;221;937;187;156;912;598;780;413;761;451;338;580;117;666;48;857;668;390;271;574;440;57;845;303;890;805;8;388;159;189;327;27;365;520;805;694;911;276;963;568;53;382;51;770;488;59;239;89;909;703;549;977;259;764;279;119;379;166;86;708;862;439;354;213;548;746;954;149;342;81;418
643;661;971;282;831;134;731;292;774;873;271;332;486;91;226;992;290;909;525;823;202;815;187;940;186;194;627;969;228;176;891;52;86;988;531;906;505;95;582;769;387;210;293;971;760;618;793;771;57;553;916;817;210;267;589;557;136;69;514;102;769;443;278;651;297;84;232;140;205;492;252;404;481;13;113;260;11;101;363;616;386;668;840;417;677;685;812;390;945;40;158;215;34;772;636;720;237;686;630;395
398;111;134;667;35;555;39;650;55;389;170;920;808;468;218;549;883;518;203;504;716;332;626;360;307;646;77;620;727;373;17;144;742;279;917;772;988;750;354;474;285;38;455;412;921;693;70;969;783;891;371;610;517;654;851;448;792;794;257;914;956;906;748;525;549;105;475;435;507;836;547;661;519;941;617;839;146;42;251;898;966;281;592;227;407;885;266;372;843;146;140;264;39;711;611;431;258;810;222;493
461;795;840;631;212;987;864;658;746;660;962;631;739;710;944;922;274;438;508;174;924;120;930;256;524;527;97;709;448;395;12;287;309;8;402;905;431;181;663;188;411;773;510;531;967;408;878;509;58;46;492;923;78;925;105;625;447;78;849;558;106;259;836;8;555;648;775;494;608;146;512;566;234;405;909;614;797;155;50;195;986;522;83;661;372;571;744;824;63;789;732;883;672;413;834;618;434;944;198;55
827;779;399;461;599;772;92;204;568;433;606;631;662;338;614;211;561;663;509;784;184;382;617;987;993;818;685;802;579;32;197;504;75;496;653;670;310;44;44;211;943;590;942;925;892;449;176;157;771;926;146;77;22;827;317;951;319;169;994;11;77;728;370;332;446;716;36;967;705;656;445;329;401;759;942;357;137;402;514;74;591;240;723;510;955;943;186;596;670;29;622;578;558;57;967;248;169;680;535;458
431;35;725;359;953;341;56;851;886;810;232;983;162;395;643;830;729;512;710;348;600;481;931;628;44;850;822;136;736;958;13;248;906;610;417;513;764;61;350;222;435;29;467;506;25;289;825;561;260;978;81;166;449;262;287;520;396;901;347;18;999;94;780;23;952;669;515;337;66;93;258;297;819;450;345;741;367;459;682;567;840;516;184;359;253;931;119;969;758;934;932;768;346;404;257;931;892;425;103;279
711;670;856;459;336;862;35;829;946;189;823;623;521;939;692;915;999;21;16;214;486;942;40;135;217;341;345;20;871;53;23;858;981;507;495;933;338;348;655;354;592;525;649;200;277;81;707;943;243;873;839;449;790;350;776;565;829;268;232;718;951;251;839;376;391;143;250;689;672;528;617;796;238;21;765;874;498;812;703;808;242;220;267;130;461;749;170;779;189;121;308;835;398;696;251;622;152;16;836;263
195;259;34;266;381;545;124;278;256;7;820;372;338;197;668;928;24;483;259;577;437;328;964;331;802;286;526;436;524;169;922;381;824;965;93;447;680;329;294;863;125;877;161;982;815;817;553;669;835;835;596;97;173;20;207;266;657;375;602;780;667;663;122;252;309;148;56;82;433;258;957;754;360;519;143;324;4;904;178;559;840;315;25;756;46;152;15;577;240;321;815;978;566;362;178;788;989;630;813;312
160;760;924;805;796;453;886;637;700;639;753;260;748;705;863;855;214;310;238;41;450;468;772;171;692;715;253;246;688;792;383;658;228;530;20;371;204;959;227;399;936;401;659;59;115;107;929;588;548;222;557;714;11;564;780;368;447;432;405;132;705;909;873;428;234;2;464;361;415;232;166;34;596;427;970;660;923;130;321;190;294;990;430;814;380;435;499;911;696;180;705;900;473;396;606;673;446;755;886;996
569;954;381;309;425;274;762;632;906;596;336;653;343;177;463;949;139;270;199;596;591;265;994;746;303;630;35;212;262;637;533;66;505;235;971;138;856;170;283;916;396;126;762;796;245;122;533;876;617;845;130;98;753;136;923;818;217;589;227;58;340;799;569;963;346;985;764;798;858;430;45;250;249;21;674;185;39;404;232;965;536;848;310;177;618;679;536;369;2;23;152;315;701;251;116;822;552;158;763;564
54;121;498;512;44;201;224;262;39;198;514;286;334;279;191;111;586;480;615;473;829;955;165;631;149;431;965;92;813;303;157;649;197;271;85;266;249;634;252;219;825;160;472;282;46;685;47;776;569;283;103;814;74;28;594;36;788;287;246;722;298;123;446;279;987;588;957;680;950;657;157;685;69;832;601;767;364;325;316;602;692;230;239;806;299;821;509;520;510;27;318;814;594;345;880;78;712;404;834;399
946;689;241;10;468;496;372;788;542;253;361;644;651;201;708;357;344;285;37;375;604;632;30;540;192;292;357;844;505;223;981;195;687;217;587;574;302;396;424;52;343;903;473;882;653;207;344;422;729;5;704;8;268;404;350;201;376;103;32;889;419;574;786;605;424;385;675;970;730;566;522;229;114;630;578;230;427;953;569;658;266;358;89;913;964;879;992;138;191;221;75;528;366;891;775;812;871;898;649;868
382;828;869;423;649;678;195;167;581;37;792;774;26;382;339;698;981;484;396;311;689;480;694;985;347;351;763;42;864;331;40;688;347;599;323;361;80;572;715;525;514;623;256;924;220;576;805;621;724;741;651;321;919;694;916;252;617;441;726;325;224;150;97;952;689;348;390;6;743;258;99;45;158;26;306;207;474;951;718;926;824;669;293;389;95;247;628;291;892;639;530;253;66;718;387;688;507;234;685;575
155;921;354;135;783;755;766;614;943;309;496;835;848;406;732;832;794;515;553;232;910;420;99;212;835;199;483;99;879;694;152;692;637;152;56;207;383;641;318;487;15;792;963;356;886;354;122;346;910;581;464;367;119;607;891;307;97;5;627;789;26;846;570;914;913;570;757;3;244;868;731;660;730;153;179;74;801;115;999;566;926;2;106;701;154;580;709;863;673;155;406;206;432;751;397;537;468;391;251;771
66;938;712;163;874;466;723;115;100;501;522;325;738;247;560;835;847;791;949;318;876;905;363;499;271;743;209;290;242;956;698;870;680;934;714;235;299;440;584;35;29;689;524;569;223;573;886;971;162;330;674;914;881;925;477;909;574;865;686;143;983;188;154;704;2;120;284;363;56;710;480;942;423;176;656;298;908;387;103;87;85;72;548;515;744;514;726;50;666;798;850;383;369;93;712;545;812;364;788;144
101;73;342;488;799;247;981;142;173;887;952;611;550;260;566;971;382;512;867;919;921;690;891;432;833;630;245;489;72;147;700;755;539;410;569;634;326;294;843;633;345;94;869;279;47;445;761;820;37;942;629;22;345;962;919;481;511;151;561;604;293;583;846;484;101;778;420;229;869;228;693;641;471;910;837;231;599;645;298;642;132;415;322;723;16;59;570;301;979;174;113;670;354;818;730;162;565;367;998;387
89;975;542;711;929;474;677;425;36;839;373;4;223;724;558;875;489;341;357;732;336;699;642;703;253;914;483;954;330;779;551;713;21;896;669;512;322;669;95;957;840;177;476;731;431;818;824;485;310;657;466;553;661;354;880;415;397;800;227;545;540;272;977;801;449;32;244;85;360;661;662;375;607;760;54;662;24;972;506;687;747;939;445;597;488;978;634;522;161;217;152;608;623;242;935;502;705;647;885;181
216;362;673;793;870;516;602;638;480;702;906;822;968;995;989;859;131;452;673;92;547;140;859;704;641;585;484;692;592;850;667;432;601;734;721;421;947;364;261;138;39;285;137;27;670;967;342;882;745;283;994;553;848;153;930;838;333;225;736;636;258;572;635;464;812;259;512;662;402;784;237;331;180;70;729;75;818;590;435;401;324;676;865;301;531;3;25;571;409;482;476;124;502;285;439;545;756;124;545;110
888;863;533;683;931;905;774;68;355;8;274;491;942;290;491;194;927;748;630;870;948;87;668;828;564;541;541;629;150;617;202;861;225;199;564;393;456;157;699;181;779;541;401;719;740;755;828;463;163;218;408;717;664;59;162;777;115;640;463;722;701;314;128;289;772;755;435;309;278;751;261;517;616;722;931;893;442;947;914;626;386;855;791;651;689;452;603;481;684;610;7;892;910;978;911;262;803;295;317;947
358;531;898;347;406;476;636;984;575;645;487;395;690;46;652;906;627;241;840;249;242;704;494;283;117;909;545;296;180;233;851;7;126;334;910;72;986;669;654;368;307;314;718;79;692;146;677;797;119;599;197;571;229;282;218;237;586;320;165;656;820;670;244;767;263;445;815;340;908;748;322;120;212;208;535;347;817;508;530;87;863;896;198;111;733;475;740;362;340;917;965;624;682;60;98;888;728;806;524;54
902;491;624;116;826;625;605;796;30;970;20;959;255;236;186;249;314;37;862;377;13;654;798;241;450;527;16;839;746;624;142;408;868;21;318;332;283;846;118;241;449;186;604;647;520;908;697;220;279;843;150;390;651;482;665;85;748;154;480;228;428;987;825;981;845;680;174;962;616;185;474;958;72;867;821;500;583;508;893;811;261;183;789;608;565;472;685;828;177;838;189;681;177;679;234;896;602;441;116;386
133;776;698;600;106;145;767;246;814;967;278;864;530;756;275;837;567;993;292;114;661;110;122;816;532;584;922;603;508;669;524;122;250;369;724;138;697;301;542;946;319;887;588;965;645;376;945;801;33;702;482;724;458;776;760;159;932;668;283;332;39;427;12;884;462;278;683;469;315;520;550;130;746;145;896;662;994;989;824;272;79;71;214;777;261;447;598;915;984;897;208;610;111;585;910;757;259;821;684;747
315;373;31;390;259;258;651;126;216;631;384;493;943;429;497;289;126;55;739;744;416;751;380;87;576;564;525;599;320;29;88;929;37;353;852;949;813;776;607;594;304;85;589;957;862;298;930;937;181;133;586;216;318;109;909;142;688;958;434;185;261;13;574;64;429;911;38;666;215;252;41;374;598;196;591;47;992;719;603;826;414;848;946;589;749;56;241;419;120;400;787;194;155;568;820;38;181;13;781;924
751;157;200;169;689;609;795;181;813;188;209;760;251;750;159;814;379;982;582;275;200;152;104;860;45;792;211;655;144;79;322;97;510;190;119;677;148;381;980;528;271;632;925;902;663;816;245;69;192;997;511;300;147;227;664;963;211;648;331;705;423;916;591;604;732;696;983;493;204;468;374;764;604;282;675;669;920;923;310;112;827;796;613;68;944;723;443;635;310;216;395;448;115;433;356;502;189;584;762;974
425;989;260;811;640;686;533;804;50;529;941;474;490;852;884;304;679;778;437;313;991;444;486;930;1;454;414;386;130;131;961;961;611;570;448;278;913;843;964;990;176;537;514;859;436;534;354;837;421;52;102;161;396;826;82;144;482;542;59;620;492;24;864;948;605;565;107;728;363;213;603;44;995;924;516;652;475;145;158;23;4;314;964;306;104;426;70;236;267;598;504;556;40;372;432;960;883;821;622;670
896;277;197;661;561;786;696;486;462;331;582;730;907;946;686;649;217;889;378;200;383;714;386;40;116;829;93;988;12;434;660;170;790;334;330;820;96;490;944;826;840;172;655;146;336;494;865;634;799;661;723;794;897;799;718;802;525;745;205;973;972;66;282;863;374;291;529;976;641;540;442;579;72;736;549;635;264;157;531;835;913;211;363;409;598;509;952;793;901;202;943;808;865;1;620;254;983;897;599;348
788;238;514;43;932;505;488;403;358;889;292;97;902;327;76;734;654;601;177;865;361;777;479;420;813;265;320;643;530;34;552;402;878;306;412;783;602;842;510;477;345;612;254;483;913;349;707;889;314;484;613;897;202;265;317;231;51;995;358;599;64;286;165;319;407;650;265;377;121;662;985;560;465;16;685;736;510;772;95;121;331;136;82;953;776;146;211;749;346;636;955;881;959;862;779;20;56;766;627;276
982;294;120;72;835;288;467;549;918;665;552;901;963;953;856;192;720;375;973;678;938;297;456;530;89;272;112;568;652;910;213;795;555;445;643;487;6;86;42;782;457;715;586;665;318;527;450;486;71;283;576;328;751;380;633;860;630;276;874;511;431;766;812;815;196;75;292;884;197;674;190;513;144;231;87;913;267;390;366;438;136;203;860;562;285;82;936;42;661;948;954;326;841;768;910;328;524;487;289;373
488;196;408;716;594;868;484;147;152;853;131;579;531;51;290;469;309;811;382;166;34;264;479;299;626;404;378;787;126;472;985;949;620;982;749;974;537;81;884;13;814;409;244;108;574;424;15;652;755;404;437;495;396;815;485;84;577;315;587;313;751;556;575;420;936;603;911;987;183;268;792;907;488;368;280;556;786;743;167;561;617;494;476;695;256;149;185;172;282;338;485;533;443;885;942;867;587;7;194;90
771;901;589;575;265;950;752;692;608;531;628;530;501;650;701;265;264;503;979;499;262;867;862;317;182;755;380;568;541;146;610;198;744;416;503;175;697;160;217;60;259;798;353;967;425;759;623;387;40;834;873;454;28;341;997;451;46;622;382;228;395;151;535;31;437;321;689;648;802;910;744;969;611;974;735;483;449;211;373;222;496;111;896;941;716;33;698;557;815;533;664;292;663;363;879;805;609;189;273;851
859;992;244;481;799;776;204;387;906;486;546;251;843;801;427;308;914;493;385;217;671;910;558;969;953;107;5;347;827;606;67;254;605;540;105;404;211;767;182;950;83;338;600;459;923;260;251;77;749;353;143;926;466;911;255;60;284;293;930;555;932;541;676;654;569;725;614;674;343;413;992;510;123;433;426;597;574;10;627;969;454;452;143;124;984;451;307;712;679;686;655;437;389;391;188;358;285;863;807;439
633;133;258;915;502;236;469;914;565;968;733;751;121;348;934;600;993;609;471;339;699;131;984;145;547;172;294;495;568;543;146;346;303;525;22;940;375;913;810;758;893;912;547;68;671;836;877;377;697;483;229;591;279;374;79;282;985;826;686;359;716;932;40;743;22;931;719;576;648;89;109;33;369;586;61;316;649;861;493;422;847;388;792;572;975;924;79;715;397;477;564;230;763;281;166;630;291;103;841;963
997;906;164;127;420;651;907;890;394;188;845;177;338;363;280;365;825;39;896;822;618;912;127;202;591;184;144;457;928;876;681;78;4;804;728;770;496;211;356;504;490;848;937;257;152;948;809;562;855;692;468;468;427;208;640;221;717;620;171;648;937;99;844;17;524;527;314;24;673;979;312;320;939;729;76;444;806;750;133;466;567;220;425;331;880;382;146;369;21;835;877;78;348;465;490;772;103;868;69;822
427;456;264;541;181;937;333;73;621;691;672;785;398;532;360;999;792;209;980;87;394;559;267;182;689;396;722;299;604;353;45;516;561;8;989;929;870;701;970;842;962;772;496;117;917;908;85;89;980;855;600;733;98;152;752;485;351;478;312;1;122;797;21;393;66;827;641;885;267;11;955;869;90;390;400;720;561;45;757;185;766;662;534;215;27;221;910;276;568;806;224;974;141;491;477;398;438;640;844;959
675;376;299;802;685;176;803;790;193;50;240;572;702;913;785;748;125;85;129;902;207;407;827;332;280;256;999;432;773;185;833;492;275;253;108;223;96;942;463;132;91;67;633;552;48;23;97;335;319;289;729;334;480;70;85;921;264;700;752;487;566;997;366;723;268;145;437;776;35;760;761;596;38;92;692;345;779;784;76;851;711;269;981;298;950;875;765;668;579;337;381;41;879;88;261;724;855;803;373;928
357;812;37;257;120;502;174;825;2;172;34;615;941;374;764;194;95;975;6;104;156;806;356;578;279;392;610;259;220;34;170;386;751;569;854;650;223;376;503;713;161;788;847;809;126;508;488;553;226;746;981;647;771;407;916;984;297;68;145;244;764;970;170;609;140;991;941;721;371;398;85;958;637;57;539;650;972;440;718;128;245;208;353;185;928;284;469;677;929;909;497;85;216;272;381;321;921;536;341;587
443;574;59;625;32;632;412;636;491;56;417;265;416;71;617;104;750;749;707;191;191;464;39;34;798;165;461;995;95;99;384;116;40;200;643;303;743;817;873;388;481;986;293;622;928;996;180;266;23;800;152;304;700;317;186;410;42;381;532;652;939;112;15;968;371;183;382;483;295;692;291;623;428;922;127;782;560;376;634;715;180;430;552;387;24;385;319;410;158;477;529;270;315;981;382;884;885;103;515;447
553;467;888;923;792;749;119;354;930;832;364;635;318;172;627;379;477;774;674;774;595;370;495;648;986;394;829;903;566;708;255;339;471;905;638;63;254;840;494;66;122;150;845;896;59;412;728;889;33;727;202;680;847;245;854;931;514;657;52;863;794;842;405;828;745;171;629;69;417;693;111;157;986;903;491;621;462;691;633;289;351;455;256;824;718;829;750;281;612;41;271;576;615;917;794;20;425;93;71;338
171;495;205;120;911;10;658;318;962;108;481;327;256;396;418;570;885;502;720;118;782;630;426;70;13;979;690;800;51;343;60;563;883;600;362;63;114;399;161;247;282;462;377;45;834;267;705;741;398;513;926;252;944;69;631;123;367;780;472;342;82;361;845;314;900;359;223;486;784;269;151;374;135;842;338;58;911;272;11;844;410;31;728;35;911;901;757;621;912;87;266;713;404;151;426;292;951;707;560;474
425;661;634;783;768;301;119;85;144;577;933;528;523;774;994;475;962;883;149;711;743;109;715;915;654;713;607;12;26;764;283;26;573;296;950;39;473;877;105;513;393;723;321;212;655;26;500;651;138;865;185;414;744;281;676;480;335;960;738;203;438;699;782;963;924;47;930;222;907;752;202;22;319;989;577;453;726;629;337;301;709;45;663;47;68;597;461;842;383;262;885;526;860;973;997;311;267;452;944;334
524;261;811;943;790;603;523;584;303;554;198;159;224;662;964;650;734;99;790;421;36;662;475;530;563;172;927;415;77;574;30;899;264;821;254;136;336;828;347;88;379;898;188;660;318;361;244;427;828;770;144;208;436;712;28;521;546;217;819;264;495;888;917;513;953;788;622;567;98;320;564;413;210;903;395;781;862;668;244;175;261;61;851;652;384;639;963;375;376;897;904;834;404;902;610;149;891;242;509;351
62;442;818;126;469;474;946;762;223;871;922;430;716;453;255;779;64;604;595;479;202;600;492;591;41;171;693;750;815;807;314;562;171;927;371;378;395;876;947;73;841;615;85;760;793;678;510;594;730;319;30;483;382;315;919;226;436;821;869;182;709;573;370;906;981;10;218;142;560;192;184;603;119;73;370;804;546;747;713;786;822;467;854;567;747;834;121;850;69;439;261;481;565;64;783;341;871;918;789;416
131;100;596;922;721;407;746;120;244;795;225;546;383;34;209;172;50;583;176;237;593;597;704;825;709;541;715;944;943;114;315;339;440;145;186;294;494;642;480;752;490;766;819;494;294;711;524;337;65;921;69;953;31;218;3;422;556;179;277;294;762;876;272;212;91;747;115;768;131;866;412;486;3;757;314;507;329;575;429;741;363;265;222;326;687;511;261;463;344;672;787;14;987;694;261;232;837;75;280;590
958;649;162;607;256;905;20;27;534;999;376;490;397;4;162;631;86;201;984;809;139;534;709;623;133;815;249;602;262;576;262;381;861;218;594;767;988;334;633;899;58;266;238;828;765;293;457;712;980;453;337;672;917;897;128;752;729;426;633;926;517;191;346;142;493;417;626;488;114;485;433;873;129;654;409;384;645;937;476;491;415;911;360;988;961;307;741;857;683;269;564;496;412;549;429;316;495;591;951;850
612;95;317;788;162;883;967;470;3;155;195;905;538;369;452;970;72;228;947;982;697;890;994;416;147;113;833;42;137;447;508;219;703;490;616;688;643;726;88;579;507;840;213;917;796;115;272;907;199;919;201;635;475;361;987;878;365;558;247;326;298;88;682;867;815;458;707;685;766;492;312;518;947;798;982;416;883;538;861;441;960;902;173;568;590;18;37;288;380;146;970;821;182;344;361;679;121;23;406;662
929;345;897;344;578;977;730;534;597;208;64;814;776;980;794;741;395;86;718;352;665;828;16;307;762;891;150;285;732;611;724;666;136;815;413;825;807;942;6;954;347;906;160;922;779;115;472;997;227;653;270;517;342;391;807;239;457;301;774;773;981;176;833;256;928;212;697;360;552;539;63;162;350;609;249;547;522;944;681;876;275;607;575;637;144;436;208;699;557;550;194;209;305;313;631;657;391;763;646;306
608;682;900;717;174;119;759;751;350;387;712;646;655;975;67;149;493;22;361;722;512;787;169;159;945;86;190;917;197;97;998;447;849;976;793;487;260;429;17;282;780;97;151;411;811;490;687;127;344;63;592;854;141;853;493;30;423;657;345;134;109;553;221;439;915;176;591;896;658;279;460;251;889;66;896;360;50;588;327;681;176;398;852;600;241;26;397;788;860;269;808;533;437;558;332;155;700;202;494;457
821;381;715;674;870;198;994;894;445;417;774;392;344;95;339;626;197;97;526;148;879;434;964;488;899;536;986;397;866;891;941;633;9;601;190;860;797;881;228;717;570;439;365;706;429;781;649;139;631;443;555;145;151;390;908;986;175;528;311;7;925;35;486;563;166;394;536;880;128;948;965;516;848;174;351;73;882;361;443;238;449;952;986;830;132;249;948;537;483;793;52;281;222;620;99;407;275;593;61;449
10;715;118;907;416;754;787;970;991;957;570;35;34;804;290;893;593;48;297;831;244;328;194;538;434;828;483;291;969;231;492;409;795;402;462;883;685;433;56;506;239;610;638;252;169;829;972;725;603;639;292;380;663;159;995;810;243;78;975;52;663;520;41;17;569;40;990;477;202;848;636;787;654;70;646;238;458;596;814;28;277;716;251;139;811;594;915;668;131;768;531;669;847;657;348;992;695;58;150;66
112;855;643;717;306;13;390;497;652;53;468;985;420;919;517;963;536;514;136;409;864;965;618;64;467;671;925;176;536;286;357;260;559;928;303;331;812;722;723;821;849;69;689;744;424;796;980;467;926;52;956;763;223;169;453;671;290;599;758;259;46;951;695;998;931;373;596;248;707;530;733;514;991;785;525;800;664;694;14;270;131;194;718;185;792;167;649;155;992;828;550;745;181;724;407;678;668;295;923;794
171;375;904;567;669;524;220;252;431;633;296;410;391;319;933;32;280;562;45;411;875;949;816;60;373;49;839;370;668;486;998;178;770;926;642;315;340;315;406;420;111;588;213;764;916;774;972;129;105;551;54;875;939;453;663;516;669;500;193;846;653;267;779;53;675;851;333;211;967;92;72;417;975;789;581;451;244;164;235;121;4;485;102;673;360;930;970;396;94;37;756;266;297;311;95;141;161;929;114;44
859;563;880;884;413;327;553;787;883;178;717;582;967;870;437;498;916;658;385;856;813;792;876;967;718;462;577;616;540;545;281;661;57;273;428;158;697;945;415;364;449;254;43;110;242;993;633;94;519;254;184;164;90;288;416;66;840;769;981;920;471;273;295;896;955;923;606;588;753;110;464;790;276;52;517;32;532;83;709;416;729;881;469;319;202;409;398;134;908;282;132;786;574;339;390;327;702;695;374;311
180;657;397;161;509;826;436;90;424;777;578;182;821;329;375;697;696;769;692;304;571;60;836;239;390;499;381;248;107;414;259;765;302;197;447;784;682;715;573;43;893;48;984;413;347;302;970;342;75;235;716;270;750;399;15;83;460;804;103;493;71;802;557;212;967;815;764;787;417;721;629;641;691;23;972;563;653;433;563;26;492;598;636;168;891;944;919;581;115;715;530;828;699;284;637;683;564;444;707;45
614;574;877;212;187;515;470;81;874;95;174;365;771;180;759;130;185;423;587;212;258;748;627;71;929;264;62;806;870;38;914;972;144;121;364;379;876;781;269;331;512;897;439;850;786;674;582;148;927;241;392;117;459;807;642;611;325;979;483;346;116;581;618;373;738;84;824;889;217;195;533;498;829;546;268;116;32;658;359;627;719;752;247;261;99;886;344;82;797;850;388;642;17;529;541;598;726;979;214;482
30;578;236;879;606;658;434;752;662;722;71;631;866;386;78;61;805;208;292;579;856;722;696;863;544;136;918;176;875;7;413;517;534;842;304;547;78;649;896;503;712;446;593;616;645;111;931;921;177;264;642;640;308;720;834;543;777;594;289;838;201;192;68;480;803;397;649;455;854;333;88;921;6;859;87;155;472;576;672;834;729;143;98;734;445;775;508;527;419;443;241;351;903;568;361;733;798;348;91;518
598;280;261;842;373;152;408;339;512;217;554;968;585;848;16;961;659;173;915;540;734;138;570;291;301;75;422;904;218;839;686;750;16;894;733;565;470;435;853;48;165;299;540;68;390;770;833;861;729;515;271;967;262;403;473;8;543;461;337;384;615;399;756;604;37;955;466;307;149;688;603;19;213;399;403;379;759;939;449;45;846;710;204;422;758;337;149;286;158;798;442;318;529;236;681;866;782;4;8;272
351;829;124;561;422;781;797;116;211;926;585;573;495;167;523;867;757;385;163;520;253;883;337;9;933;822;438;339;211;724;376;272;596;601;484;876;245;438;111;836;694;982;697;467;597;725;958;738;729;970;202;663;83;715;298;169;228;484;632;30;943;334;180;339;788;7;504;179;219;219;629;383;484;785;702;236;528;518;753;897;767;194;343;260;152;302;941;415;155;138;996;334;305;428;940;360;893;619;824;381
435;826;945;593;433;181;131;772;697;888;621;945;146;658;181;431;602;757;345;292;562;306;719;799;490;273;162;868;974;386;754;245;458;251;338;676;484;474;511;189;49;211;672;832;400;584;861;958;891;693;958;442;235;531;334;417;255;701;381;323;303;339;17;412;948;119;322;319;132;72;974;66;641;749;475;327;287;931;249;674;419;780;112;427;171;234;604;243;483;505;810;300;8;301;120;807;753;752;558;97
322;335;776;433;569;633;396;225;536;379;805;604;278;425;122;946;815;859;426;780;6;941;575;821;945;125;153;925;51;505;316;279;389;311;969;395;319;897;460;850;993;97;105;215;323;376;709;484;898;341;24;831;580;960;170;277;557;225;498;110;535;713;495;112;729;748;220;671;127;353;945;534;924;235;272;351;385;336;990;773;976;593;931;696;872;285;664;351;482;187;946;716;579;117;49;668;926;348;873;372
221;209;77;406;21;844;87;423;564;977;778;393;628;663;806;528;3;354;209;187;609;559;72;652;196;75;359;850;178;40;62;717;837;12;336;916;464;387;29;1;630;945;659;270;647;518;701;139;143;648;557;111;177;420;939;677;847;277;115;393;270;847;901;551;960;872;351;725;336;830;391;607;96;340;567;742;517;912;521;563;359;830;623;446;246;3;916;925;970;206;574;37;956;566;945;71;797;5;231;388
965;89;456;604;532;540;537;775;323;392;961;659;74;672;766;751;547;536;988;188;458;585;46;657;339;504;378;65;380;675;231;332;775;324;966;602;201;822;680;234;393;880;27;932;887;6;160;216;894;971;357;631;676;305;955;879;456;387;697;182;276;602;632;370;439;277;166;680;299;893;518;422;387;467;783;298;511;357;918;102;151;484;822;663;489;194;937;107;192;880;541;25;485;771;123;506;303;630;330;88
420;399;477;999;417;182;433;278;478;753;362;192;245;860;359;186;631;817;823;961;21;762;697;854;620;980;618;137;403;652;461;300;747;380;425;62;846;606;881;847;100;259;770;100;379;863;924;562;231;732;851;682;939;506;868;298;752;912;366;745;49;493;156;932;344;969;888;296;212;485;230;440;37;354;718;37;104;109;526;283;237;459;477;153;776;482;97;858;221;266;988;302;641;984;427;171;270;292;373;173
333;263;775;598;173;474;349;120;120;716;448;203;692;971;863;39;751;360;813;56;219;586;596;124;67;25;741;451;130;153;661;703;99;123;900;2;921;553;165;917;124;839;558;333;937;916;150;292;914;319;907;333;456;929;296;238;659;96;16;430;387;795;417;428;959;549;809;616;732;257;768;847;907;272;260;750;720;690;693;411;75;396;478;691;324;865;354;348;830;32;345;838;346;293;677;846;129;281;540;350
647;596;157;111;222;53;601;567;122;172;550;361;195;305;389;522;22;519;682;554;443;80;392;941;19;990;843;569;889;596;443;956;310;942;636;880;913;393;547;525;501;570;604;170;619;341;661;325;292;276;710;811;79;718;489;881;449;448;477;58;150;697;152;318;729;832;613;871;64;1;691;54;704;732;405;165;630;54;711;663;681;99;631;696;715;295;484;861;44;685;432;463;370;586;703;713;158;227;455;697
976;303;823;548;496;470;601;272;873;773;768;520;705;373;583;828;613;577;470;175;646;35;365;190;2;920;393;19;98;948;683;875;915;947;890;377;62;329;228;935;429;417;487;62;251;115;938;561;627;520;462;45;312;872;30;729;298;162;891;52;636;594;749;613;973;378;487;700;793;116;634;670;790;340;31;62;97;947;291;593;385;914;41;480;757;893;264;882;970;394;963;409;197;494;692;437;354;429;908;479
103;942;52;998;242;421;224;441;442;906;46;467;752;514;963;142;749;40;833;119;519;405;533;281;369;782;274;166;918;315;565;135;847;399;6;641;247;499;173;967;656;649;331;301;74;659;914;5;974;870;79;510;409;882;835;955;631;530;592;586;112;228;823;491;887;106;175;314;995;200;128;716;385;693;744;592;802;433;244;344;449;794;246;795;812;690;316;795;303;923;641;367;952;424;947;748;710;945;200;401
624;540;492;219;775;602;466;351;223;538;167;383;614;16;914;300;194;676;701;645;174;221;652;694;951;279;303;879;141;770;534;822;70;488;925;483;85;727;966;312;595;120;558;375;944;206;922;501;647;619;541;990;187;559;561;603;290;309;605;652;829;445;627;675;245;300;711;196;289;734;6;394;641;166;550;690;626;185;924;566;12;295;912;244;460;485;709;110;832;291;165;518;714;377;89;378;873;580;688;328
417;208;951;198;606;881;81;122;473;118;751;77;293;460;144;565;170;920;619;674;771;515;116;444;427;822;998;488;364;197;447;660;901;40;823;956;530;870;938;22;217;178;152;46;87;837;362;65;587;286;839;504;475;678;629;39;74;544;739;366;541;472;242;739;582;717;767;313;590;680;644;531;461;583;430;272;248;638;95;116;875;283;536;619;370;517;125;637;553;459;579;838;28;587;265;43;154;753;757;744
762;882;139;858;448;421;549;95;492;368;320;719;545;346;18;580;952;779;26;593;857;572;660;356;867;160;761;667;274;272;120;101;446;993;844;71;69;143;487;380;855;963;179;287;413;287;756;720;535;615;893;253;806;513;344;359;552;495;78;45;398;323;403;991;724;14;304;27;629;844;196;519;563;765;775;891;246;321;513;94;489;38;81;592;747;215;652;226;239;440;173;422;111;366;264;738;525;87;300;55
970;836;238;964;748;375;975;779;352;727;825;939;685;905;818;50;515;989;559;767;136;715;205;370;538;725;391;542;413;458;30;109;331;55;939;703;533;251;345;532;90;662;157;81;998;141;769;51;433;608;263;470;251;263;176;511;205;276;578;367;838;923;510;900;525;658;467;998;362;910;478;993;17;736;978;94;787;506;814;730;333;475;88;332;351;987;578;882;364;459;600;953;386;827;603;538;253;740;305;908
480;170;707;645;746;394;619;78;669;808;286;901;292;919;277;917;303;669;140;598;136;601;357;337;514;60;440;929;22;611;629;119;641;789;118;688;986;707;496;350;790;79;812;809;656;568;74;473;788;824;164;634;900;337;219;463;5;290;886;299;539;215;176;9;91;231;370;818;957;838;305;518;412;879;173;532;576;119;113;669;493;184;100;412;392;933;168;358;128;786;9;835;533;851;418;178;143;87;276;885
198;789;173;682;638;475;72;570;863;774;833;546;619;708;438;409;644;468;786;418;819;151;868;863;832;795;292;466;430;457;438;954;871;604;285;467;553;74;637;450;114;433;953;870;335;63;475;452;51;288;167;178;982;402;910;485;882;958;613;469;486;974;163;300;500;509;24;405;928;112;468;566;853;912;302;412;889;65;218;905;474;580;845;94;473;621;91;446;923;105;889;151;365;780;262;880;622;246;257;301
446;586;59;935;57;93;855;373;666;929;545;876;323;316;566;804;441;494;476;530;738;217;255;831;580;757;443;229;589;42;547;823;329;92;242;269;947;479;837;936;590;17;679;823;805;390;806;160;348;750;32;994;207;138;966;625;614;843;154;395;230;811;516;376;997;62;42;328;12;495;768;203;494;461;624;847;919;53;68;318;74;559;504;877;405;714;358;295;721;673;973;504;399;950;880;221;425;349;804;414
507;9;943;92;253;111;159;609;605;449;471;787;404;553;205;962;604;938;471;897;364;351;209;337;56;143;542;675;866;634;54;577;962;885;99;336;80;826;600;167;74;231;423;390;888;743;107;184;459;394;885;436;589;578;813;973;454;852;914;854;954;268;472;676;713;259;692;193;45;179;625;338;538;155;869;914;572;173;168;139;905;627;48;487;6;739;943;8;571;56;379;1;569;685;909;52;433;663;109;804
141;776;196;426;882;958;116;253;104;613;620;121;487;882;164;504;205;305;134;232;778;53;41;151;527;415;9;366;33;170;117;997;1;86;214;671;626;747;991;513;18;442;188;917;191;568;641;700;387;197;934;115;885;798;140;575;931;44;89;163;662;639;538;668;407;368;625;796;745;825;839;393;479;425;393;899;757;935;544;544;175;776;31;378;17;745;25;156;399;446;399;115;985;317;255;623;349;616;359;584
868;153;17;813;450;653;916;958;616;682;341;643;384;357;238;964;662;466;283;335;698;764;491;499;462;591;658;774;756;239;780;783;329;32;535;218;993;623;493;790;758;209;325;858;840;712;292;543;851;113;383;102;379;864;743;764;385;277;205;106;747;58;680;849;144;341;508;852;144;180;594;661;487;923;199;177;645;842;782;212;259;188;653;17;455;243;619;526;791;189;284;643;498;970;880;605;68;494;928;866
560;612;853;28;373;887;835;169;290;199;743;326;616;507;640;538;101;547;168;294;384;348;206;192;377;260;852;905;717;982;507;781;118;242;598;980;487;8;422;903;962;760;778;840;992;390;407;338;350;97;819;511;60;636;148;216;726;706;115;900;155;577;470;463;168;45;25;34;714;24;625;546;349;415;597;800;681;667;455;800;726;576;278;727;145;877;337;934;179;911;843;14;536;451;448;542;692;84;519;132
143;117;340;164;537;710;140;308;602;927;529;716;330;24;920;367;717;267;283;444;644;520;495;764;934;161;598;396;250;372;761;897;30;35;89;928;411;560;473;956;677;872;430;125;984;345;964;658;712;691;419;235;788;150;399;725;296;483;818;630;387;622;747;346;745;373;505;727;481;817;557;510;355;324;588;704;124;74;348;247;883;332;901;752;616;8;343;915;677;757;445;971;173;893;324;865;374;128;74;147
807;453;909;414;145;791;245;56;613;989;490;715;972;771;951;158;542;442;217;598;30;700;801;869;455;298;928;672;543;949;399;205;515;983;728;122;639;756;139;495;739;248;210;207;598;177;525;221;754;106;556;879;61;730;653;924;590;87;408;632;246;671;121;882;852;319;610;585;718;20;375;415;280;394;449;214;973;601;295;871;837;88;653;861;482;322;576;932;463;412;40;96;801;183;48;969;761;369;791;950
276;12;192;970;831;294;141;249;740;936;435;445;167;561;987;407;28;15;624;130;90;649;562;898;388;146;713;464;558;201;479;743;192;718;717;307;732;73;762;270;808;343;553;197;723;501;310;204;746;289;706;205;581;894;590;799;595;652;747;950;595;587;634;534;756;654;792;895;101;877;312;371;475;360;983;219;286;281;508;809;402;694;245;668;258;376;998;782;314;435;159;941;842;936;862;495;478;549;971;85
744;586;367;619;810;314;41;314;445;342;373;606;324;613;987;196;155;293;598;355;85;523;217;476;383;312;147;741;898;767;902;520;5;584;485;525;721;447;169;158;731;305;448;553;851;827;453;464;343;732;709;911;373;464;611;854;933;767;901;703;88;223;730;848;619;996;711;537;598;576;701;170;773;277;602;558;186;973;661;122;905;911;872;945;567;987;470;228;424;766;701;488;785;216;78;933;33;963;69;463
